% clc %for clearing the command window
% close all %for closing all the window except command window
% clear all %for deleting all the variables from the memory
% N=501;
% t=0:0.02:10; % For setting the sampling interval
% fc=1000; %input('Enter frequency of Carrier Sine wave: ');
% fm=5; %input('Enter Message frequency : ');
% amp=10; %input('Enter Carrier & Message Amplitude(Assuming Both Equal):');
% c=amp.*sin(2*pi*fc*t);% Generating Carrier Sine
% subplot(3,1,1) %For Plotting The Carrier wave
% plot(t,c)
% xlabel('Time')
% ylabel('Amplitude')
% title('Carrier')
% x1=rand(1,N)>0.5;                         %% Input binary string
% m=(2.*x1)-1;
% subplot(3,1,2)
% plot(t,m)
% xlabel('time')
% ylabel('ampmplitude')
% title('Message Signal')% Sine wave multiplied with square wave in order to generate PSK
% x=c.*m;
% subplot(3,1,3) % For Plotting PSK (Phase Shift Keyed) signal
% plot(t,x)
% xlabel('t')
% ylabel('y')
% title('PSK')





N=1000;
t=0.0005:0.0005:0.5;
signal=	[0.000592885 0.000395257	0.000197628	0.000197628	-0.000197628	-0.000395257	-0.000395257	-0.000592885	-0.000592885	-0.000790514	-0.001185771	-0.001185771	-0.001185771	-0.001383399	-0.001778656	-0.001778656	-0.001778656	-0.001976285	-0.002173913	-0.002173913	-0.002371542	-0.00256917	-0.002766798	-0.002766798	-0.002964427	-0.002964427	-0.003162055	-0.003162055	-0.003359684	-0.003359684	-0.003557312	-0.003557312	-0.003557312	-0.003754941	-0.003754941	-0.003952569	-0.003952569	-0.003952569	-0.004150197	-0.004150197	-0.004150197	-0.004347826	-0.004150197	-0.004347826	-0.004347826	-0.004347826	-0.004347826	-0.004347826	-0.004347826	-0.004545454	-0.004347826	-0.004347826	-0.004347826	-0.004347826	-0.004347826	-0.004347826	-0.004347826	-0.004347826	-0.004150197	-0.004150197	-0.004150197	-0.003952569	-0.003952569	-0.003754941	-0.003754941	-0.003754941	-0.003557312	-0.003557312	-0.003557312	-0.003359684	-0.003359684	-0.003162055	-0.003162055	-0.003162055	-0.002766798	-0.002766798	-0.002964427	-0.00256917	-0.00256917	-0.002371542	-0.002371542	-0.002173913	-0.001976285	-0.001976285	-0.001778656	-0.001581028	-0.001383399	-0.001185771	-0.001383399	-0.000988142	-0.000790514	-0.000592885	-0.000592885	-0.000395257	-0.000197628	0	0.000197628	0.000395257	0.000395257	0.000592885	0.000592885	0.000395257	0.000197628	0	-0.000197628	-0.000197628	-0.000395257	-0.000592885	-0.000790514	-0.000988142	-0.000988142	-0.001383399	-0.001383399	-0.001383399	-0.001581028	-0.001778656	-0.001976285	-0.001976285	-0.002173913	-0.002371542	-0.002371542	-0.00256917	-0.00256917	-0.002964427	-0.002964427	-0.003162055	-0.003162055	-0.003359684	-0.003359684	-0.003359684	-0.003557312	-0.003557312	-0.003557312	-0.003754941	-0.003754941	-0.003754941	-0.003952569	-0.004150197	-0.004150197	-0.004150197	-0.004150197	-0.004347826	-0.004150197	-0.004347826	-0.004347826	-0.004347826	-0.004545454	-0.004545454	-0.004545454	-0.004347826	-0.004545454	-0.004347826	-0.004150197	-0.004347826	-0.004545454	-0.004150197	-0.004347826	-0.004150197	-0.004347826	-0.004150197	-0.004150197	-0.004150197	-0.003952569	-0.003952569	-0.003952569	-0.003754941	-0.003754941	-0.003557312	-0.003557312	-0.003557312	-0.003359684	-0.003162055	-0.003162055	-0.003162055	-0.002964427	-0.002766798	-0.002766798	-0.002766798	-0.00256917	-0.002371542	-0.002173913	-0.002173913	-0.001976285	-0.001778656	-0.001581028	-0.001778656	-0.001383399	-0.001383399	-0.001185771	-0.000988142	-0.000790514	-0.000592885	-0.000592885	-0.000592885	-0.000197628	-0.000197628	0	0.000197628	0.000395257	0.000395257	0.000592885	0.000790514	0.000988142	0.001185771	0.001185771	0.001383399	0.001581028	0.001778656	0.001778656	0.002173913	0.002173913	0.002371542	0.00256917	0.002766798	0.002964427	0.002964427	0.003162055	0.003359684	0.003359684	0.003557312	0.003557312	0.003952569	0.003952569	0.004150197	0.003952569	0.004347826	0.004347826	0.004545454	0.004545454	0.004545454	0.004743083	0.004940711	0.004940711	0.00513834	0.00513834	0.00513834	0.005335969	0.005335969	0.005335969	0.005335969	0.005335969	0.005335969	0.005533597	0.005533597	0.005533597	0.005533597	0.005731225	0.005533597	0.005731225	0.005731225	0.005533597	0.005533597	0.005731225	0.005731225	0.005533597	0.005533597	0.005533597	0.005533597	0.005533597	0.005335969	0.005335969	0.005335969	0.005335969	0.00513834	0.00513834	0.00513834	0.004940711	0.004940711	0.004940711	0.004743083	0.004545454	0.004545454	0.004545454	0.004347826	0.004347826	0.004150197	0.003952569	0.003952569	0.003557312	0.003754941	0.003557312	0.003359684	0.003162055	0.003162055	0.002964427	0.002766798	0.00256917	0.00256917	0.002371542	0.002173913	0.001976285	0.001976285	0.001778656	0.001778656	0.001383399	0.001383399	0.001185771	0.000988142	0.000790514	0.000592885	0.000592885	0.000592885	0.000790514	0.000988142	0.001185771	0.001185771	0.001383399	0.001383399	0.001581028	0.001778656	0.001976285	0.002173913	0.002173913	0.002173913	0.00256917	0.002766798	0.002766798	0.002964427	0.003162055	0.003359684	0.003557312	0.003557312	0.003754941	0.003754941	0.003952569	0.003952569	0.004150197	0.004347826	0.004347826	0.004347826	0.004545454	0.004545454	0.004743083	0.004743083	0.004940711	0.00513834	0.00513834	0.00513834	0.00513834	0.00513834	0.005335969	0.005335969	0.005533597	0.005533597	0.005335969	0.005533597	0.005533597	0.005533597	0.005533597	0.005533597	0.005533597	0.005533597	0.005533597	0.005731225	0.005731225	0.005731225	0.005533597	0.005533597	0.005533597	0.005533597	0.005335969	0.005533597	0.005335969	0.005335969	0.00513834	0.00513834	0.00513834	0.004940711	0.004940711	0.004940711	0.004743083	0.004743083	0.004545454	0.004545454	0.004545454	0.004347826	0.004347826	0.004150197	0.004150197	0.003754941	0.003754941	0.003557312	0.003557312	0.003359684	0.003359684	0.003162055	0.002964427	0.002766798	0.00256917	0.00256917	0.002371542	0.001976285	0.002173913	0.001976285	0.001778656	0.001581028	0.001383399	0.001185771	0.001185771	0.000988142	0.000988142	0.000592885	0.000592885	0.000395257	0.000197628	0	-0.000197628	-0.000197628	-0.000395257	-0.000790514	-0.000790514	-0.000790514	-0.001185771	-0.001185771	-0.001383399	-0.001383399	-0.001581028	-0.001778656	-0.001976285	-0.002173913	-0.002173913	-0.002371542	-0.00256917	-0.00256917	-0.00256917	-0.002766798	-0.002964427	-0.002964427	-0.003162055	-0.003162055	-0.003557312	-0.003359684	-0.003359684	-0.003557312	-0.003754941	-0.003754941	-0.003754941	-0.003754941	-0.003952569	-0.003952569	-0.004150197	-0.004150197	-0.004347826	-0.004347826	-0.004150197	-0.004347826	-0.004347826	-0.004347826	-0.004347826	-0.004347826	-0.004347826	-0.004347826	-0.004347826	-0.004347826	-0.004545454	-0.004347826	-0.004347826	-0.004347826	-0.004347826	-0.004150197	-0.004150197	-0.004347826	-0.004150197	-0.003952569	-0.003952569	-0.003952569	-0.003754941	-0.003754941	-0.003754941	-0.003754941	-0.003557312	-0.003359684	-0.003359684	-0.003162055	-0.003162055	-0.003162055	-0.002964427	-0.002964427	-0.002766798	-0.002766798	-0.00256917	-0.002371542	-0.002173913	-0.002173913	-0.002173913	-0.001976285	-0.001778656	-0.001581028	-0.001581028	-0.001383399	-0.001185771	-0.000988142	-0.000790514	-0.000790514	-0.000592885	-0.000395257	-0.000395257	0	0	0.000197628	0.000395257	0.000395257	0.000592885	0.000395257	0	0	-0.000197628	-0.000197628	-0.000395257	-0.000592885	-0.000790514	-0.000988142	-0.000988142	-0.001185771	-0.001185771	-0.001383399	-0.001581028	-0.001581028	-0.001778656	-0.002173913	-0.002173913	-0.002173913	-0.002371542	-0.002766798	-0.002766798	-0.00256917	-0.002964427	-0.003162055	-0.003162055	-0.003359684	-0.003162055	-0.003557312	-0.003557312	-0.003557312	-0.003754941	-0.003952569	-0.003952569	-0.003952569	-0.003952569	-0.003952569	-0.004150197	-0.004150197	-0.004150197	-0.004347826	-0.004150197	-0.004347826	-0.004150197	-0.004347826	-0.004347826	-0.004347826	-0.004347826	-0.004347826	-0.004347826	-0.004347826	-0.004347826	-0.004347826	-0.004347826	-0.004347826	-0.004347826	-0.004150197	-0.004150197	-0.004150197	-0.004347826	-0.004150197	-0.003952569	